


function[I,m,l,r,q,qd,qdd,tau]=robot()
I = [0.006757, 0.0006036, 0.0015514;
    0.001745, 0.0005596, 0.00006455;
    0.00706657, 0.0006254, 0.0015708]
m = [1.01992, 0.3519, 0.22772] % masses of the link in kg
l = [0.25107, 0.191, 0.37843]% lengths of links in m
r = [0.10424, 0.14550, 0.203]
q = [10,15,90]
t1= q(1)
t2= q(2)
t3= q(3)

end



